1800764 85
6572195 298
75700180 65
87484882 70
92301958 379
97068523 353
109716133 239
120625731 245
125896844 277
132851176 422
135176865 191
143419484 237
145844558 330
158100332 406
160275156 54
191260238 313
197722022 0
203126656 118
203833072 362
212966424 6
213750837 76
251975188 189
256620174 428
268465553 201
277378561 262
282082459 163
285196534 306
299629574 281
302171602 397
311780324 338
326612246 348
337372563 124
343208594 203
346763723 315
347327944 150
351791839 420
359079014 122
366165566 317
386235461 30
391851701 342
397057850 130
409984302 208
423931811 161
433083752 288
435153685 96
439606776 195
442087175 242
448554581 289
456854657 60
465915581 22
480126874 345
482554758 250
489602569 207
521460429 378
547376390 299
548834259 182
582418999 251
591653633 393
597449895 252
600757238 62
608825078 106
628078343 209
629658243 279
646992379 136
652624586 355
663845665 75
671429009 147
676009994 143
677338192 218
678120909 111
680353138 228
689880086 3
700529776 166
715741596 248
723386437 265
725606561 121
755509855 206
760378907 173
761256676 72
762713361 98
765969283 23
777434108 445
781642863 229
789663515 259
794112578 344
795357209 321
824024455 271
833957915 172
842356136 171
849924382 109
882923786 264
885566550 214
889253787 177
894589927 438
904667170 221
905458755 46
908506564 446
910525791 394
912276423 64
917583857 39
934031291 176
937938047 369
957108450 324
960241349 366
972543760 188
976519997 180
984515489 84
1015889153 153
1017202255 79
1029684725 380
1030179093 340
1039775941 415
1057016295 399
1061459597 357
1061673189 346
1070255073 270
1084432049 154
1088844487 440
1102138352 115
1114282702 368
1119750476 205
1120322891 43
1145535496 296
1158381613 434
1163785346 373
1165500044 71
1171145260 160
1187002154 212
1196780976 132
1197019514 128
1199928407 47
1243907986 430
1268344279 309
1297835987 374
1302911819 86
1303511739 389
1303866932 253
1308408898 215
1315240339 133
1324646409 447
1334840611 371
1340148358 236
1347545671 194
1353077104 196
1378626860 90
1379015881 197
1380902937 276
1385114824 295
1399969279 269
1402099477 35
1404395783 243
1411244463 258
1423943361 52
1433784421 178
1435493433 377
1462563128 417
1473496205 113
1481700130 230
1490182304 225
1494191969 234
1497564029 102
1506500056 18
1515143019 361
1540789971 356
1541427243 435
1565581772 386
1567831198 246
1583240062 129
1592810129 184
1593335970 91
1600532972 329
1631334898 284
1648888063 382
1679952610 275
1687077153 343
1703074003 409
1713044188 294
1715751995 323
1721069724 365
1723374255 107
1733044042 326
1734907165 336
1755211868 226
1780965381 151
1817977319 114
1831810901 145
1832814147 439
1832923198 185
1836837436 77
1854296563 437
1872542457 282
1878223483 307
1879482967 165
1880656059 359
1901924551 311
1902819574 273
1903318632 383
1910096720 412
1955834963 247
1957456795 301
1960815066 11
1965817051 63
1966862849 32
1967912122 384
1979915395 110
1987706045 101
1991912470 134
1993026744 81
2003987813 408
2006635539 131
2020512972 210
2023365118 360
2031116427 87
2034853916 15
2040735391 419
2052954060 44
2054922385 169
2070794468 162
2071342302 433
2083434787 149
2088744826 314
2115991866 255
2127417671 304
2133596616 175
2137655290 108
2163528956 416
2180276089 375
2191007551 82
2245017434 318
2273076216 159
2282804109 327
2302936662 334
2321067875 183
2335376072 144
2335932329 36
2337471812 339
2338681792 170
2339045266 168
2339598662 351
2350440965 286
2352408356 349
2365930477 426
2386566304 257
2405867967 308
2420023489 34
2455595861 217
2478189009 333
2493197103 337
2515684704 164
2517565868 49
2523580740 59
2533558194 89
2541928056 83
2555130797 274
2563637387 69
2564901090 2
2569001211 204
2590626395 432
2601173307 443
2601794965 413
2603885741 181
2608919189 117
2612076060 396
2612511334 50
2616533013 381
2618357298 222
2623420502 24
2637019611 350
2641823919 395
2654090424 291
2663355169 190
2664542325 411
2675243293 138
2677761041 352
2678561581 224
2680647675 99
2689742369 139
2694802394 97
2710758687 429
2714344193 123
2727339584 88
2736746253 58
2739454820 4
2751470307 140
2752981434 305
2759781031 441
2773984999 423
2779948080 137
2782836955 156
2789753672 25
2819042102 167
2820570352 202
2826353371 414
2853157882 332
2869438650 328
2871891839 404
2876272795 200
2876298657 310
2877103839 27
2878053286 424
2881898293 367
2884105446 51
2885785281 410
2889144982 232
2909547391 436
2931281920 31
2939038785 56
2940397723 285
2946051437 68
2947745968 347
2947818890 290
2975899179 241
2976264608 320
2979186596 146
2982331771 358
2995394196 220
2997316527 119
3011430817 40
3035987787 92
3044524006 26
3044575483 302
3049116680 263
3050531494 268
3052336121 126
3101613886 53
3109774447 231
3118895249 431
3134364972 16
3150129025 7
3150997792 10
3159294203 9
3162423406 283
3162794093 135
3170362009 193
3197165266 266
3210776703 444
3211567840 14
3220657959 103
3224180642 28
3227195308 20
3228484056 300
3236016622 316
3238789951 400
3241155589 325
3241726487 280
3252655057 418
3255384253 385
3271797257 442
3277551170 155
3279979113 303
3305405241 29
3309986765 105
3310504013 13
3311786556 249
3326957411 427
3332444146 66
3345103274 278
3346435016 388
3369397036 100
3373101450 402
3383842204 238
3415828832 179
3419165889 42
3421043283 312
3439938365 141
3453834671 186
3475802041 80
3477654647 213
3485727340 335
3489762749 233
3516311186 104
3516413806 319
3528389707 405
3529431800 198
3539328737 17
3543373220 37
3570828790 364
3573711446 61
3575468077 401
3576346154 260
3576952995 45
3595426792 363
3611753873 38
3630744390 199
3637528652 174
3640665415 74
3644108658 387
3650994493 227
3660093854 55
3682404586 33
3700890957 390
3705166655 1
3729410199 370
3735285954 78
3762287817 341
3794242346 21
3813827420 158
3819822979 127
3825964894 57
3834047911 293
3846291404 5
3853072001 95
3863463209 211
3880856117 354
3885860355 219
3896729982 256
3897441493 244
3930536579 403
3934144507 48
3934575285 240
3944342436 19
3954570302 267
3962949522 407
3969050011 112
3978014586 187
3985338750 216
4012176614 93
4020817277 12
4021690141 157
4025582691 398
4028575057 261
4044901966 125
4051227028 391
4056565709 254
4071585141 148
4074327253 223
4084769632 235
4088869787 297
4106514720 322
4115464757 272
4117436972 67
4120563849 287
4123558703 421
4125792659 41
4136759817 372
4162517235 152
4163412149 331
4168711638 425
4173604952 392
4199286136 8
4231238145 292
4238147281 142
4249746305 376
4252943804 192
4269563040 120
4277018610 73
4277558944 94
4292913763 116
